5
input	3
dense	8
relu	0
dense	2
linear	0
0.0010000000474974513
-6.2944666e-02	-1.8313372e-01	-8.9773975e-02	-3.0180205e-02	-1.6967361e-01	3.4328240e-01	0.0000000e+00	-1.4595760e-01
1.9558523e-02	1.6891560e-01
-1.0596154e-01	-2.5926945e-01	5.7610970e-02	-4.9229994e+00	1.4417264e+00	5.4564649e-01	1.9264242e-01	2.3536150e+00	-3.3709806e-01	8.2432022e-03	3.3534816e-01	-6.2932515e-01	8.7249684e-01	8.7926739e-01	4.9383588e-02	-9.9715453e-01	5.7454121e-01	-2.7850586e-01	4.8848987e-02	-6.3809067e-01	-3.0597851e-01	-1.2441264e-01	1.6128031e+00	5.0936885e-02
-4.7275463e-01	1.5821768e-03	-8.3391462e-04	7.1640289e-01	4.2758625e-02	5.3643179e-03	5.0978935e-01	2.2309549e-01	1.5501724e-01	2.5493314e+00	-1.9698477e+00	5.6671739e-01	6.5323436e-01	-7.6317862e-02	-4.8299584e-01	2.5489192e+00
