5
input	3
dense	32
relu	0
dense	2
linear	0
0.0010000000474974513
1.0413691e-01	0.0000000e+00	2.6601221e-02	1.9305226e-01	0.0000000e+00	2.9736608e-01	0.0000000e+00	0.0000000e+00	-1.6652703e-01	-1.6116220e-01	-2.7452515e-02	-2.2172295e-01	0.0000000e+00	8.2088754e-02	9.0254918e-02	0.0000000e+00	-1.3920376e-01	0.0000000e+00	-8.3373830e-02	-1.4129803e-01	-7.2831117e-02	-2.7270883e-02	-1.5748481e-01	-2.3548273e-02	0.0000000e+00	-1.1654276e-01	4.5160536e-02	0.0000000e+00	7.2071035e-03	0.0000000e+00	0.0000000e+00	0.0000000e+00
-4.2560097e-02	8.2958573e-01
-3.8143344e-02	1.0743745e-01	-2.4791744e-01	4.7796965e-04	3.0978829e-02	-2.5089628e-01	1.7968236e+00	-1.6893988e+00	1.1713282e-01	-4.5209670e+00	1.3054994e+00	2.3195103e-01	3.3708146e-01	-1.4736542e-01	-1.9645010e-01	-1.5887738e+00	-3.0891454e+00	4.8166978e-01	-7.7161223e-02	-3.1734508e-01	-4.0356681e-01	3.8738450e-01	-2.6920599e-01	-2.7445138e-02	-2.6479182e-01	1.3319276e-01	6.6963688e-02	7.5540073e-02	-5.0668005e-02	1.1278199e-01	-2.1689151e-01	-2.0739630e-01	3.2668382e-02	-1.0480912e-01	4.6848591e-02	1.4591189e-01	-2.1049966e-01	-3.9825034e-01	-3.9049825e-01	-1.3925277e+00	7.2209603e-01	-1.4091095e-02	-3.6547974e-01	1.4168766e-01	-7.3013194e-02	-3.8493353e-01	-2.1490313e-01	-9.4725221e-02	-3.4678373e-01	9.2505813e-02	1.1148161e-01	-5.7850063e-02	-9.9880308e-02	-1.2700847e-01	1.7548256e+00	5.8551085e-01	-1.3091639e-01	-9.8644483e-01	2.7770308e-01	1.2953138e-01	-1.2116084e-02	-2.9669804e-02	5.2484129e-02	1.2541164e+00	-8.0404341e-01	9.6794620e-02	2.3305626e-01	-1.1507113e-01	9.9996231e-02	-3.4544662e-01	1.3013034e-01	8.3023421e-03	-2.6501393e-01	-2.1646656e-01	-1.0464090e-01	2.2442061e-01	1.8002605e-01	-4.0154523e-01	8.2987356e-01	-4.6819115e-01	4.1635077e-02	1.4577010e-01	-3.6637655e-01	-2.6216060e-02	5.9989870e-01	9.6525556e-01	5.4492753e-02	1.5322670e-01	-3.9469936e-01	-2.9383034e-01	-2.9519340e-01	1.1047801e-01	-1.3611451e-01	-3.5693893e-01	3.1374693e-02	-3.4000748e-01
9.2341416e-03	-1.3606241e-01	8.3725881e-03	2.1352077e-02	4.0224418e-01	-1.4138519e-03	3.8158795e-01	-2.0506707e-01	1.1369171e-04	-7.6646975e-04	3.8145390e-01	7.0224856e-03	3.9663455e-01	1.1125360e-01	1.1302714e-02	-1.3091519e-01	-1.7551818e-03	2.5551096e-01	-6.2483451e-03	-1.2947244e-02	-2.7198128e-03	-1.8660741e-02	-3.1471918e-03	5.0554685e-03	4.0872344e-01	-1.9038800e-03	1.7227493e-02	3.8503471e-01	3.2672817e-01	2.1219817e-01	-2.1751495e-01	-2.7911809e-01	-4.0547628e-02	2.6475736e-01	-1.1851895e-01	2.7321100e+00	-3.5655487e-01	-1.0514109e+00	3.7915513e-01	1.3725916e-01	-1.6450736e-03	6.5828655e-03	6.4342499e-02	1.0553735e-03	3.6919817e-01	-3.3479345e-01	-7.9180030e-03	2.4245897e-01	-1.1277014e-02	2.5190315e-01	-8.8712341e-01	-1.2999851e-02	-5.0038579e-03	-7.8511283e-02	6.1471411e-03	-5.1014055e-03	-2.7224159e-01	7.3207982e-02	-1.8748710e-01	1.6015717e-01	9.4926000e-01	1.3905856e-01	1.8957129e-01	-2.6175097e-01
