5
input	3
dense	16
relu	0
dense	2
linear	0
0.0010000000474974513
-5.4890090e-03	-4.1542470e-02	-1.0184236e-01	-1.5150589e-01	0.0000000e+00	-6.0718942e-02	0.0000000e+00	-1.6246100e-01	-1.8397008e-01	0.0000000e+00	-5.9138309e-02	0.0000000e+00	-1.2324217e-01	0.0000000e+00	-1.9046709e-01	-7.3302582e-02
1.6029978e-02	8.6126274e-01
-4.1303287e+00	1.2195312e+00	4.1182989e-01	-5.6396997e-01	4.3555453e-01	-3.7063843e-01	-2.1904488e+00	1.0685567e+00	6.7491479e-02	-9.0906459e-01	4.0614584e-01	2.6420411e-02	-3.9120361e-01	1.6101635e-01	-5.3412402e-01	-4.6197057e+00	-1.1958723e+00	4.7454464e-01	4.6215278e-01	-2.0978752e-01	-3.0057430e-02	3.9378196e-01	9.9441963e-01	-9.7050779e-02	1.0143336e+00	-8.4934378e-01	2.4628367e-01	2.5980920e-01	-1.8774089e-01	-2.6546839e-01	4.1518539e-01	1.3122311e+00	-1.8236974e-02	2.9204339e-01	8.9343548e-02	-3.8291937e-01	-8.7986046e-01	7.5347954e-01	9.7534150e-02	-4.8494679e-01	-6.1259508e-02	-5.5327708e-01	1.7167954e+00	3.4438425e-01	-8.0588341e-02	2.3935196e+00	-3.3700449e+00	4.3614832e-01
5.4313554e-03	-4.0078309e-01	6.1060758e-03	-6.1518522e-03	-2.3855749e-01	-4.4436157e-03	-2.7984646e-01	9.0878090e-04	3.7231932e-03	-1.9886762e-01	2.4978791e-01	5.7065880e-01	8.1225961e-02	2.7326733e-01	-3.4833134e-03	-2.3316548e-03	2.1204782e+00	-5.2615130e-01	-1.6203229e-01	-6.1725336e-03	5.6226778e-01	-3.1710616e-01	-3.6201298e-01	-5.6610560e-01	-1.6743791e-01	-3.8889843e-01	7.3369628e-01	3.6720777e-01	1.1659592e-01	-5.4810584e-02	-4.8247120e-01	-1.0717402e+00
